20
1 6
1 12
1 15
1 18
1 19
1 20
2 3
2 4
2 9
2 12
2 16
3 4
3 6
3 10
3 13
3 14
3 15
3 18
4 6
4 7
4 8
4 13
4 14
4 15
4 16
4 17
4 20
5 8
5 9
5 12
5 14
5 15
5 17
5 18
5 20
6 7
6 8
6 10
6 13
6 18
6 19
7 10
7 15
7 16
7 18
7 19
7 20
8 12
8 13
8 14
8 15
9 11
9 12
9 15
9 16
9 17
9 18
9 19
9 20
10 13
11 13
11 14
11 15
11 16
11 17
11 19
11 20
12 14
12 15
12 16
12 17
12 20
13 14
13 15
13 16
13 17
13 18
13 20
14 16
14 17
14 18
14 19
15 16
15 17
15 19
16 17
16 18
16 19
16 20
17 18
17 19
17 20
18 19
18 20
19 20
