100
1 5
1 7
1 9
1 12
1 13
1 14
1 18
1 26
1 29
1 31
1 32
1 33
1 35
1 37
1 40
1 42
1 50
1 52
1 56
1 57
1 58
1 59
1 63
1 66
1 67
1 69
1 70
1 72
1 75
1 78
1 82
1 83
1 85
1 86
1 88
1 89
1 90
1 94
1 99
1 100
2 3
2 4
2 8
2 16
2 17
2 19
2 21
2 25
2 26
2 28
2 30
2 31
2 33
2 35
2 37
2 41
2 44
2 47
2 59
2 62
2 63
2 74
2 77
2 80
2 84
2 85
2 87
2 88
2 97
2 98
2 99
3 6
3 11
3 12
3 15
3 17
3 18
3 28
3 30
3 32
3 34
3 37
3 41
3 43
3 44
3 59
3 63
3 65
3 72
3 74
3 75
3 79
3 80
3 82
3 89
3 93
3 94
3 95
3 98
4 5
4 6
4 7
4 8
4 13
4 14
4 15
4 17
4 20
4 24
4 27
4 33
4 34
4 36
4 38
4 43
4 44
4 47
4 52
4 54
4 57
4 58
4 64
4 67
4 68
4 69
4 73
4 74
4 76
4 77
4 78
4 82
4 84
4 89
4 97
4 98
5 6
5 7
5 8
5 22
5 23
5 29
5 30
5 31
5 32
5 33
5 35
5 37
5 39
5 40
5 42
5 45
5 46
5 49
5 50
5 52
5 54
5 62
5 67
5 74
5 77
5 78
5 79
5 82
5 87
5 90
5 94
5 97
5 99
6 9
6 16
6 18
6 20
6 22
6 23
6 25
6 26
6 28
6 30
6 32
6 35
6 37
6 39
6 40
6 44
6 45
6 47
6 48
6 55
6 57
6 59
6 61
6 67
6 69
6 70
6 72
6 73
6 76
6 80
6 82
6 86
6 90
6 91
6 92
6 95
7 8
7 10
7 15
7 19
7 21
7 22
7 25
7 28
7 32
7 34
7 36
7 38
7 39
7 48
7 49
7 55
7 57
7 63
7 67
7 68
7 73
7 77
7 82
7 85
7 91
7 93
7 95
7 96
7 98
8 10
8 12
8 21
8 24
8 25
8 26
8 27
8 28
8 32
8 38
8 39
8 40
8 43
8 44
8 45
8 47
8 49
8 54
8 62
8 64
8 65
8 66
8 69
8 70
8 72
8 78
8 79
8 83
8 84
8 91
8 92
8 94
9 18
9 20
9 22
9 36
9 37
9 44
9 45
9 46
9 50
9 53
9 56
9 59
9 62
9 63
9 64
9 67
9 70
9 73
9 74
9 76
9 80
9 83
9 88
9 89
9 93
9 96
9 99
10 15
10 25
10 26
10 31
10 34
10 35
10 42
10 44
10 46
10 48
10 49
10 51
10 52
10 56
10 57
10 64
10 66
10 72
10 74
10 81
10 82
10 83
10 86
10 87
10 91
10 92
10 98
10 100
11 13
11 15
11 26
11 28
11 30
11 31
11 32
11 33
11 36
11 38
11 39
11 40
11 45
11 51
11 57
11 68
11 69
11 72
11 76
11 80
11 83
11 85
11 92
11 97
11 98
11 99
11 100
12 15
12 16
12 17
12 20
12 21
12 24
12 29
12 31
12 34
12 37
12 40
12 45
12 62
12 67
12 68
12 70
12 72
12 75
12 76
12 78
12 80
12 82
12 84
12 85
12 86
12 94
12 97
12 98
13 15
13 16
13 18
13 30
13 31
13 40
13 42
13 44
13 48
13 49
13 52
13 57
13 58
13 61
13 63
13 69
13 70
13 71
13 73
13 77
13 78
13 89
13 92
13 94
13 98
13 100
14 16
14 18
14 19
14 23
14 24
14 27
14 28
14 30
14 34
14 40
14 41
14 43
14 49
14 50
14 52
14 56
14 59
14 61
14 64
14 65
14 67
14 68
14 70
14 71
14 72
14 77
14 80
14 87
14 91
14 94
14 95
14 98
15 16
15 20
15 22
15 24
15 28
15 30
15 33
15 41
15 42
15 46
15 50
15 51
15 54
15 55
15 56
15 57
15 59
15 65
15 67
15 68
15 73
15 74
15 76
15 77
15 83
15 90
15 95
15 98
15 100
16 18
16 19
16 20
16 22
16 25
16 27
16 31
16 35
16 38
16 42
16 44
16 46
16 48
16 49
16 57
16 65
16 67
16 69
16 76
16 77
16 78
16 79
16 82
16 83
16 84
16 85
16 87
16 89
16 90
16 96
16 97
16 98
16 99
17 21
17 22
17 29
17 30
17 31
17 32
17 33
17 34
17 37
17 38
17 39
17 47
17 49
17 51
17 55
17 56
17 60
17 63
17 64
17 69
17 70
17 71
17 76
17 81
17 82
17 83
17 84
17 87
17 98
18 19
18 23
18 25
18 27
18 29
18 31
18 34
18 35
18 37
18 38
18 41
18 44
18 45
18 46
18 47
18 51
18 52
18 53
18 56
18 57
18 58
18 61
18 63
18 64
18 67
18 73
18 78
18 79
18 81
18 83
18 89
18 94
18 97
18 99
18 100
19 24
19 27
19 30
19 33
19 34
19 35
19 36
19 38
19 39
19 42
19 43
19 47
19 49
19 50
19 51
19 53
19 56
19 60
19 62
19 64
19 67
19 68
19 72
19 73
19 77
19 83
19 90
20 22
20 25
20 28
20 29
20 30
20 41
20 44
20 46
20 47
20 56
20 57
20 58
20 60
20 61
20 63
20 65
20 67
20 79
20 81
20 84
20 96
20 97
20 99
20 100
21 25
21 27
21 28
21 32
21 33
21 38
21 40
21 42
21 43
21 47
21 48
21 53
21 58
21 59
21 60
21 65
21 72
21 75
21 79
21 81
21 83
21 85
21 90
21 93
21 96
21 97
22 24
22 25
22 30
22 33
22 35
22 37
22 40
22 49
22 50
22 55
22 57
22 58
22 65
22 67
22 68
22 69
22 72
22 79
22 80
22 87
22 89
22 92
22 94
23 24
23 27
23 28
23 29
23 30
23 33
23 34
23 36
23 38
23 40
23 41
23 42
23 43
23 50
23 51
23 55
23 56
23 68
23 69
23 70
23 71
23 73
23 74
23 80
23 85
23 91
23 93
23 97
24 33
24 36
24 38
24 41
24 42
24 46
24 47
24 48
24 51
24 52
24 53
24 58
24 61
24 63
24 66
24 74
24 76
24 77
24 79
24 83
24 91
24 94
24 95
24 96
24 97
24 99
24 100
25 31
25 33
25 34
25 36
25 43
25 44
25 45
25 61
25 68
25 69
25 70
25 71
25 74
25 80
25 83
25 85
25 86
25 87
25 89
25 90
25 93
25 95
25 97
25 98
25 99
26 29
26 31
26 33
26 34
26 35
26 36
26 40
26 43
26 44
26 52
26 54
26 56
26 58
26 61
26 63
26 64
26 65
26 66
26 74
26 78
26 86
26 92
26 93
26 97
26 100
27 28
27 30
27 31
27 32
27 33
27 38
27 40
27 48
27 50
27 53
27 54
27 56
27 59
27 66
27 70
27 73
27 75
27 77
27 78
27 83
27 84
27 86
27 93
27 96
27 97
27 98
27 100
28 30
28 31
28 43
28 44
28 45
28 46
28 49
28 52
28 56
28 58
28 61
28 67
28 75
28 82
28 85
28 86
28 90
28 91
28 93
28 94
28 100
29 37
29 41
29 47
29 49
29 54
29 57
29 60
29 61
29 64
29 66
29 67
29 76
29 79
29 81
29 86
29 91
29 94
29 95
29 98
30 32
30 33
30 37
30 38
30 39
30 42
30 43
30 49
30 50
30 53
30 54
30 57
30 63
30 69
30 75
30 78
30 82
30 83
30 85
30 87
30 89
30 92
30 93
30 95
30 97
30 98
30 99
30 100
31 35
31 37
31 38
31 42
31 43
31 51
31 53
31 54
31 56
31 58
31 62
31 64
31 72
31 73
31 75
31 76
31 78
31 81
31 86
31 90
31 93
31 96
32 35
32 36
32 44
32 47
32 52
32 53
32 54
32 58
32 60
32 64
32 65
32 69
32 71
32 73
32 78
32 82
32 84
32 85
32 88
32 93
32 94
32 96
32 97
32 98
32 99
33 41
33 42
33 46
33 50
33 53
33 56
33 57
33 59
33 60
33 63
33 64
33 66
33 69
33 71
33 73
33 75
33 78
33 82
33 83
33 85
33 86
33 92
33 93
33 99
34 38
34 42
34 45
34 50
34 51
34 55
34 65
34 70
34 71
34 72
34 77
34 78
34 79
34 80
34 82
34 83
34 84
34 93
34 97
35 36
35 38
35 43
35 47
35 53
35 54
35 59
35 60
35 61
35 64
35 68
35 71
35 74
35 75
35 78
35 82
35 91
35 93
35 95
35 96
35 97
35 100
36 38
36 44
36 45
36 46
36 49
36 52
36 53
36 55
36 60
36 63
36 65
36 68
36 69
36 71
36 73
36 74
36 77
36 80
36 83
36 86
36 90
36 92
36 98
37 41
37 43
37 44
37 47
37 55
37 57
37 61
37 62
37 64
37 67
37 68
37 70
37 72
37 73
37 75
37 77
37 83
37 84
37 85
37 97
38 42
38 43
38 45
38 62
38 64
38 65
38 67
38 68
38 71
38 72
38 75
38 77
38 78
38 82
38 84
38 88
38 89
38 90
38 93
38 95
39 46
39 47
39 50
39 57
39 60
39 62
39 63
39 64
39 67
39 71
39 73
39 75
39 76
39 78
39 83
39 85
39 88
39 89
39 97
39 100
40 44
40 48
40 51
40 55
40 57
40 58
40 62
40 63
40 65
40 66
40 68
40 72
40 75
40 78
40 86
40 87
40 89
40 94
40 97
40 98
41 46
41 47
41 51
41 62
41 70
41 72
41 74
41 76
41 79
41 80
41 81
41 82
41 87
41 88
41 93
41 96
41 98
42 45
42 48
42 49
42 53
42 58
42 63
42 65
42 68
42 70
42 72
42 81
42 82
42 83
42 88
42 89
42 95
42 97
42 100
43 47
43 48
43 49
43 53
43 56
43 57
43 59
43 60
43 61
43 63
43 64
43 65
43 66
43 69
43 70
43 73
43 80
43 81
43 83
43 85
43 89
43 95
43 96
44 45
44 46
44 49
44 50
44 51
44 52
44 53
44 57
44 59
44 65
44 66
44 68
44 71
44 73
44 76
44 81
44 82
44 84
44 93
44 97
45 47
45 48
45 50
45 66
45 68
45 69
45 71
45 73
45 75
45 77
45 87
45 90
45 91
45 92
45 98
45 100
46 49
46 51
46 52
46 57
46 60
46 68
46 69
46 70
46 74
46 75
46 78
46 80
46 87
46 93
46 96
46 97
46 100
47 49
47 50
47 51
47 52
47 54
47 57
47 65
47 67
47 68
47 70
47 76
47 79
47 81
47 83
47 84
47 86
47 87
47 91
47 96
47 97
47 98
48 51
48 54
48 55
48 61
48 69
48 70
48 73
48 75
48 79
48 80
48 81
48 83
48 84
48 85
48 95
49 54
49 56
49 66
49 67
49 69
49 72
49 73
49 75
49 81
49 84
49 85
49 89
49 97
50 55
50 56
50 57
50 63
50 64
50 69
50 71
50 73
50 76
50 78
50 82
50 83
50 84
50 85
50 86
50 90
50 93
50 98
50 99
51 52
51 53
51 58
51 59
51 61
51 63
51 65
51 66
51 76
51 78
51 80
51 82
51 87
51 90
51 94
51 99
52 53
52 54
52 61
52 62
52 63
52 65
52 73
52 74
52 77
52 78
52 82
52 86
52 88
52 94
52 98
53 55
53 56
53 59
53 60
53 61
53 63
53 65
53 66
53 74
53 75
53 77
53 83
53 86
53 90
53 96
53 99
54 57
54 61
54 63
54 66
54 69
54 71
54 75
54 77
54 80
54 89
54 92
54 100
55 58
55 59
55 62
55 63
55 75
55 78
55 80
55 91
55 92
55 93
56 57
56 60
56 63
56 64
56 68
56 69
56 70
56 71
56 75
56 76
56 87
56 88
56 89
56 94
56 97
56 98
57 58
57 59
57 63
57 64
57 65
57 71
57 75
57 78
57 81
57 86
57 91
57 92
57 98
57 99
58 59
58 61
58 62
58 63
58 67
58 69
58 73
58 79
58 81
58 83
58 85
58 86
58 87
58 88
58 91
58 92
58 95
58 97
58 100
59 60
59 68
59 69
59 71
59 75
59 79
59 80
59 82
59 85
59 86
59 89
59 90
59 91
59 98
60 62
60 63
60 65
60 66
60 68
60 69
60 73
60 77
60 80
60 82
60 86
60 90
60 91
60 94
61 62
61 66
61 69
61 70
61 72
61 75
61 76
61 78
61 79
61 83
61 86
61 90
61 93
61 94
62 65
62 68
62 73
62 75
62 79
62 82
62 86
62 89
62 92
62 100
63 64
63 66
63 68
63 69
63 70
63 71
63 76
63 79
63 80
63 83
63 87
63 89
63 95
63 96
63 97
63 99
64 66
64 72
64 81
64 83
64 85
64 86
64 89
64 90
64 94
64 96
64 99
65 66
65 67
65 69
65 70
65 74
65 83
65 84
65 87
65 93
65 94
65 99
66 71
66 86
66 87
66 90
66 91
66 94
66 100
67 69
67 70
67 71
67 72
67 76
67 85
67 89
67 95
67 98
68 70
68 74
68 76
68 77
68 78
68 79
68 80
68 82
68 85
68 86
68 87
68 88
68 92
68 94
68 95
68 98
68 100
69 74
69 76
69 77
69 83
69 90
69 91
69 92
69 93
69 99
70 78
70 79
70 84
70 85
70 88
70 89
70 97
70 99
71 76
71 81
71 82
71 83
71 85
71 87
71 88
71 90
71 92
71 93
71 95
71 96
72 82
72 89
72 90
72 91
72 97
72 99
73 77
73 78
73 79
73 80
73 81
73 85
73 88
73 92
73 96
73 98
73 100
74 76
74 80
74 82
74 83
74 84
74 86
74 89
74 94
74 99
75 87
75 91
75 95
75 99
75 100
76 79
76 83
76 84
76 100
77 81
77 83
77 85
77 92
77 93
77 95
78 86
78 89
78 94
78 96
78 98
78 100
79 84
79 85
79 86
79 88
79 93
79 96
79 100
80 81
80 83
80 85
80 86
80 91
80 99
81 82
81 90
81 94
81 99
81 100
82 84
82 86
82 87
82 91
82 98
82 99
83 85
83 86
83 87
83 93
83 94
83 96
83 97
84 92
84 95
84 96
84 97
85 87
85 91
85 94
85 99
86 87
86 90
86 92
86 98
86 100
87 90
87 91
87 93
87 95
87 97
88 92
88 96
88 99
88 100
89 91
89 93
89 94
89 95
89 98
89 100
90 91
90 92
90 95
90 96
90 97
90 100
91 92
91 93
91 96
91 98
92 97
92 98
93 95
93 96
94 96
94 97
95 96
95 97
95 100
96 100
98 99
