100
1 2
1 3
1 4
1 5
1 7
1 8
1 9
1 11
1 12
1 13
1 15
1 16
1 18
1 19
1 20
1 24
1 26
1 28
1 30
1 32
1 33
1 37
1 40
1 46
1 49
1 51
1 53
1 55
1 57
1 58
1 64
1 67
1 72
1 74
1 75
1 79
1 81
1 85
1 87
1 88
1 89
1 94
1 97
2 6
2 9
2 13
2 16
2 19
2 20
2 22
2 23
2 24
2 25
2 26
2 29
2 30
2 32
2 34
2 36
2 37
2 41
2 42
2 43
2 44
2 58
2 59
2 60
2 62
2 66
2 69
2 72
2 74
2 77
2 78
2 83
2 85
2 89
2 94
2 96
2 97
2 98
2 99
3 4
3 5
3 6
3 8
3 12
3 15
3 16
3 19
3 24
3 29
3 31
3 32
3 33
3 35
3 38
3 40
3 42
3 49
3 50
3 52
3 54
3 58
3 60
3 61
3 62
3 67
3 68
3 70
3 74
3 75
3 77
3 79
3 80
3 90
3 94
3 97
4 11
4 17
4 18
4 20
4 23
4 29
4 34
4 37
4 38
4 39
4 49
4 51
4 53
4 55
4 56
4 58
4 62
4 63
4 65
4 67
4 69
4 72
4 73
4 75
4 76
4 77
4 81
4 84
4 87
4 90
4 91
4 92
4 93
4 95
4 99
4 100
5 6
5 8
5 25
5 26
5 29
5 31
5 32
5 37
5 39
5 45
5 46
5 47
5 48
5 50
5 52
5 54
5 61
5 62
5 63
5 65
5 67
5 70
5 73
5 80
5 82
5 83
5 90
5 94
5 95
6 8
6 9
6 10
6 13
6 15
6 18
6 19
6 21
6 22
6 23
6 24
6 28
6 34
6 36
6 39
6 42
6 44
6 46
6 47
6 49
6 50
6 51
6 54
6 55
6 58
6 60
6 63
6 64
6 65
6 66
6 67
6 68
6 69
6 71
6 72
6 73
6 75
6 77
6 81
6 83
6 84
6 86
6 89
6 92
6 94
6 96
7 11
7 13
7 14
7 15
7 16
7 18
7 19
7 21
7 26
7 27
7 28
7 29
7 33
7 34
7 36
7 37
7 41
7 46
7 49
7 53
7 57
7 58
7 63
7 72
7 73
7 86
7 89
7 92
7 100
8 9
8 10
8 14
8 18
8 19
8 20
8 25
8 26
8 31
8 37
8 38
8 42
8 43
8 44
8 46
8 47
8 51
8 57
8 63
8 64
8 68
8 71
8 80
8 81
8 82
8 86
8 91
8 94
8 96
8 97
9 13
9 17
9 19
9 20
9 21
9 26
9 27
9 28
9 29
9 31
9 37
9 38
9 39
9 47
9 51
9 54
9 56
9 60
9 63
9 65
9 67
9 71
9 72
9 89
9 90
9 91
10 15
10 16
10 21
10 22
10 23
10 25
10 28
10 31
10 34
10 37
10 39
10 40
10 41
10 42
10 47
10 49
10 51
10 59
10 62
10 68
10 69
10 76
10 78
10 79
10 82
10 83
10 85
10 87
10 90
10 93
11 15
11 16
11 17
11 20
11 24
11 25
11 28
11 34
11 36
11 38
11 40
11 42
11 48
11 50
11 51
11 53
11 54
11 55
11 57
11 58
11 62
11 63
11 66
11 70
11 75
11 79
11 82
11 83
11 84
11 85
11 86
11 87
11 89
11 91
11 93
11 96
11 99
11 100
12 13
12 16
12 18
12 19
12 21
12 32
12 35
12 39
12 40
12 45
12 47
12 50
12 53
12 55
12 56
12 57
12 59
12 64
12 66
12 69
12 73
12 75
12 77
12 78
12 82
12 87
12 88
12 89
12 90
12 91
12 92
12 94
12 95
12 97
12 99
12 100
13 15
13 16
13 25
13 26
13 30
13 32
13 34
13 36
13 38
13 39
13 40
13 52
13 56
13 58
13 63
13 64
13 65
13 66
13 69
13 72
13 73
13 79
13 80
13 83
13 84
13 85
13 90
13 94
13 97
13 98
14 15
14 23
14 25
14 26
14 27
14 28
14 29
14 31
14 32
14 35
14 37
14 40
14 45
14 48
14 49
14 52
14 56
14 61
14 62
14 64
14 69
14 70
14 71
14 76
14 79
14 81
14 84
14 85
14 87
14 88
14 91
14 92
14 96
14 97
14 98
14 99
15 16
15 17
15 19
15 20
15 24
15 25
15 27
15 32
15 47
15 50
15 53
15 55
15 57
15 61
15 63
15 65
15 68
15 73
15 74
15 76
15 77
15 78
15 84
15 85
15 86
15 87
15 88
15 89
15 90
15 91
15 93
15 98
15 99
15 100
16 18
16 24
16 25
16 27
16 28
16 29
16 30
16 31
16 34
16 37
16 39
16 44
16 52
16 55
16 60
16 69
16 70
16 74
16 76
16 78
16 81
16 84
16 86
16 87
16 89
16 96
17 24
17 26
17 28
17 29
17 31
17 32
17 34
17 36
17 38
17 40
17 41
17 44
17 47
17 50
17 51
17 52
17 54
17 58
17 63
17 65
17 67
17 68
17 71
17 72
17 73
17 74
17 77
17 78
17 79
17 80
17 84
17 88
17 92
17 93
17 95
17 96
17 97
17 98
17 99
18 19
18 21
18 23
18 25
18 28
18 29
18 32
18 33
18 36
18 40
18 41
18 44
18 47
18 48
18 50
18 52
18 55
18 62
18 65
18 71
18 76
18 77
18 87
18 89
18 90
18 93
18 94
18 96
19 23
19 25
19 26
19 29
19 30
19 34
19 35
19 42
19 47
19 54
19 56
19 58
19 60
19 71
19 75
19 76
19 77
19 78
19 79
19 83
19 89
19 91
19 94
19 99
19 100
20 22
20 26
20 30
20 32
20 33
20 35
20 36
20 37
20 38
20 39
20 40
20 42
20 46
20 49
20 51
20 52
20 57
20 64
20 65
20 67
20 68
20 74
20 75
20 76
20 86
20 88
20 90
20 95
20 96
21 23
21 24
21 26
21 27
21 28
21 29
21 33
21 35
21 37
21 38
21 40
21 43
21 45
21 47
21 48
21 51
21 54
21 55
21 57
21 62
21 65
21 67
21 71
21 73
21 75
21 78
21 82
21 84
21 88
21 90
21 93
21 95
21 96
21 97
21 99
21 100
22 26
22 28
22 32
22 39
22 41
22 44
22 46
22 50
22 51
22 52
22 57
22 58
22 60
22 61
22 65
22 66
22 70
22 75
22 77
22 78
22 80
22 81
22 82
22 86
22 87
22 88
22 95
22 100
23 24
23 27
23 28
23 29
23 30
23 36
23 39
23 40
23 42
23 44
23 45
23 46
23 47
23 56
23 58
23 59
23 65
23 70
23 71
23 73
23 77
23 82
23 98
23 100
24 28
24 29
24 30
24 32
24 34
24 37
24 38
24 40
24 45
24 46
24 53
24 56
24 58
24 59
24 60
24 62
24 67
24 68
24 69
24 72
24 73
24 74
24 75
24 76
24 77
24 79
24 81
24 84
24 85
24 92
24 95
24 97
24 100
25 28
25 30
25 36
25 40
25 43
25 44
25 48
25 51
25 52
25 54
25 55
25 57
25 59
25 61
25 62
25 63
25 64
25 68
25 70
25 72
25 77
25 80
25 82
25 83
25 85
25 87
25 88
25 89
25 90
25 91
25 92
25 93
25 96
25 99
25 100
26 31
26 32
26 35
26 36
26 37
26 38
26 39
26 40
26 42
26 43
26 44
26 45
26 46
26 49
26 51
26 54
26 55
26 59
26 60
26 65
26 68
26 71
26 72
26 76
26 81
26 83
26 86
26 87
26 91
26 92
26 93
26 98
26 100
27 28
27 32
27 34
27 37
27 39
27 42
27 43
27 48
27 49
27 50
27 51
27 54
27 55
27 56
27 57
27 59
27 60
27 61
27 70
27 72
27 74
27 75
27 78
27 81
27 84
27 85
27 86
27 90
27 92
27 94
27 95
27 97
27 99
28 29
28 31
28 35
28 37
28 39
28 42
28 44
28 45
28 47
28 50
28 53
28 54
28 55
28 56
28 60
28 61
28 62
28 65
28 66
28 67
28 68
28 72
28 74
28 75
28 80
28 85
28 88
28 91
28 92
28 97
28 99
29 31
29 33
29 34
29 36
29 38
29 39
29 43
29 49
29 52
29 53
29 55
29 56
29 58
29 60
29 61
29 62
29 65
29 66
29 74
29 79
29 83
29 84
29 85
29 86
29 88
29 90
29 94
29 95
29 97
29 99
29 100
30 31
30 33
30 36
30 37
30 39
30 44
30 45
30 46
30 49
30 51
30 52
30 55
30 58
30 63
30 65
30 68
30 69
30 73
30 74
30 78
30 81
30 83
30 85
30 87
30 88
30 89
30 92
30 98
30 100
31 35
31 38
31 40
31 41
31 42
31 49
31 51
31 56
31 58
31 59
31 61
31 63
31 64
31 65
31 69
31 74
31 75
31 78
31 79
31 81
31 82
31 83
31 85
31 86
31 91
31 93
31 94
31 97
31 98
31 99
32 34
32 35
32 37
32 38
32 39
32 40
32 41
32 42
32 43
32 44
32 46
32 47
32 48
32 49
32 50
32 51
32 53
32 58
32 60
32 61
32 64
32 68
32 69
32 74
32 75
32 77
32 78
32 83
32 84
32 85
32 87
32 89
32 90
32 92
32 93
32 94
32 95
32 97
32 98
32 100
33 36
33 38
33 40
33 41
33 42
33 44
33 45
33 46
33 47
33 48
33 55
33 57
33 58
33 65
33 67
33 71
33 73
33 74
33 75
33 79
33 81
33 85
33 87
33 91
33 93
33 94
33 99
33 100
34 35
34 37
34 39
34 43
34 45
34 46
34 49
34 50
34 51
34 57
34 59
34 61
34 68
34 69
34 70
34 71
34 73
34 75
34 77
34 84
34 85
34 88
34 91
34 92
34 93
34 94
34 95
34 96
34 97
34 98
34 99
35 37
35 40
35 44
35 48
35 53
35 55
35 60
35 61
35 63
35 64
35 69
35 72
35 73
35 75
35 78
35 79
35 81
35 82
35 86
35 88
35 91
35 92
35 97
35 98
35 99
36 38
36 39
36 42
36 43
36 46
36 47
36 48
36 50
36 52
36 54
36 55
36 58
36 59
36 60
36 64
36 66
36 67
36 69
36 71
36 72
36 73
36 74
36 75
36 77
36 78
36 79
36 83
36 84
36 86
36 88
36 89
36 90
36 91
36 93
36 94
36 96
36 97
36 100
37 42
37 44
37 45
37 47
37 53
37 56
37 57
37 59
37 64
37 65
37 68
37 71
37 72
37 73
37 74
37 77
37 78
37 81
37 83
37 86
37 88
37 89
37 91
37 92
37 94
37 96
37 97
38 41
38 43
38 45
38 48
38 51
38 55
38 60
38 61
38 70
38 71
38 73
38 76
38 78
38 80
38 81
38 82
38 83
38 84
38 88
38 91
38 92
38 93
38 94
38 95
38 96
38 97
38 100
39 41
39 42
39 44
39 45
39 46
39 48
39 49
39 50
39 53
39 55
39 56
39 61
39 62
39 64
39 67
39 68
39 69
39 71
39 72
39 73
39 74
39 75
39 76
39 78
39 86
39 88
39 89
39 90
39 93
39 95
39 96
39 98
39 99
40 42
40 43
40 44
40 49
40 50
40 51
40 53
40 54
40 55
40 57
40 61
40 62
40 63
40 64
40 65
40 66
40 68
40 69
40 70
40 71
40 74
40 77
40 80
40 85
40 86
40 87
40 89
40 90
40 91
40 92
40 94
40 95
40 96
40 97
40 98
40 99
40 100
41 44
41 47
41 49
41 54
41 55
41 56
41 58
41 59
41 61
41 62
41 66
41 71
41 76
41 77
41 80
41 81
41 82
41 84
41 86
41 87
41 88
41 90
41 92
41 94
41 95
41 96
41 97
41 98
41 99
41 100
42 45
42 46
42 48
42 49
42 50
42 52
42 53
42 54
42 55
42 56
42 59
42 60
42 61
42 62
42 63
42 64
42 65
42 66
42 69
42 70
42 71
42 72
42 75
42 76
42 77
42 81
42 83
42 84
42 87
42 88
42 90
42 91
42 92
42 98
42 100
43 45
43 47
43 50
43 51
43 52
43 53
43 54
43 55
43 56
43 57
43 60
43 61
43 63
43 64
43 68
43 70
43 74
43 76
43 77
43 79
43 80
43 82
43 86
43 89
43 90
43 93
43 94
43 95
43 97
43 98
44 45
44 47
44 48
44 51
44 52
44 64
44 72
44 74
44 79
44 80
44 81
44 82
44 84
44 85
44 86
44 91
44 94
44 95
44 96
44 99
45 46
45 47
45 49
45 51
45 53
45 57
45 58
45 60
45 62
45 63
45 66
45 67
45 68
45 71
45 72
45 73
45 74
45 76
45 77
45 78
45 80
45 81
45 82
45 85
45 86
45 87
45 89
45 90
45 91
45 92
45 97
45 98
46 48
46 52
46 53
46 54
46 55
46 56
46 57
46 60
46 62
46 63
46 64
46 66
46 67
46 68
46 70
46 73
46 75
46 76
46 77
46 78
46 79
46 81
46 83
46 84
46 85
46 87
46 88
46 92
46 94
46 96
47 48
47 49
47 50
47 51
47 55
47 56
47 57
47 59
47 60
47 61
47 64
47 65
47 66
47 67
47 68
47 70
47 72
47 74
47 75
47 77
47 78
47 81
47 84
47 85
47 86
47 90
47 91
47 96
47 97
47 98
47 99
48 49
48 53
48 54
48 56
48 57
48 58
48 59
48 60
48 61
48 63
48 64
48 67
48 68
48 69
48 72
48 74
48 75
48 77
48 78
48 79
48 80
48 81
48 82
48 83
48 86
48 89
48 90
48 91
48 92
48 93
48 94
48 96
48 97
48 98
48 100
49 51
49 56
49 57
49 58
49 59
49 62
49 65
49 67
49 68
49 69
49 71
49 72
49 73
49 74
49 75
49 77
49 78
49 79
49 80
49 82
49 85
49 86
49 88
49 90
49 91
49 92
49 93
49 95
49 99
50 54
50 55
50 57
50 58
50 60
50 63
50 64
50 65
50 69
50 70
50 71
50 73
50 74
50 76
50 79
50 80
50 81
50 82
50 83
50 84
50 85
50 86
50 88
50 94
50 96
50 97
50 99
51 52
51 53
51 57
51 59
51 61
51 62
51 66
51 67
51 71
51 72
51 73
51 75
51 78
51 82
51 83
51 84
51 85
51 86
51 87
51 89
51 91
51 93
51 94
51 98
52 53
52 54
52 57
52 58
52 59
52 60
52 61
52 62
52 63
52 64
52 67
52 68
52 71
52 74
52 76
52 78
52 80
52 83
52 84
52 86
52 90
52 91
52 92
52 93
52 98
52 99
52 100
53 56
53 58
53 61
53 65
53 67
53 69
53 70
53 71
53 73
53 74
53 76
53 77
53 79
53 80
53 81
53 84
53 85
53 87
53 88
53 89
53 90
53 91
53 92
53 95
53 96
53 97
53 98
54 55
54 56
54 58
54 59
54 60
54 61
54 62
54 63
54 66
54 67
54 68
54 71
54 72
54 73
54 76
54 78
54 79
54 80
54 81
54 82
54 83
54 87
54 88
54 90
54 92
54 96
54 97
54 98
54 99
54 100
55 56
55 57
55 58
55 61
55 66
55 67
55 71
55 72
55 73
55 74
55 75
55 76
55 78
55 83
55 84
55 85
55 89
55 90
55 91
55 93
55 95
55 96
55 98
55 99
56 57
56 59
56 61
56 62
56 64
56 65
56 66
56 67
56 68
56 69
56 70
56 71
56 73
56 74
56 75
56 77
56 78
56 79
56 81
56 83
56 84
56 85
56 86
56 88
56 90
56 92
56 94
56 95
56 96
56 97
56 98
57 58
57 61
57 64
57 65
57 66
57 67
57 69
57 70
57 71
57 73
57 74
57 75
57 76
57 77
57 79
57 81
57 82
57 83
57 85
57 87
57 88
57 89
57 90
57 91
57 93
57 95
57 97
57 98
57 99
57 100
58 63
58 64
58 65
58 70
58 71
58 72
58 74
58 75
58 81
58 82
58 85
58 87
58 90
58 91
58 92
58 94
58 95
58 98
58 100
59 61
59 62
59 64
59 65
59 66
59 67
59 69
59 70
59 71
59 73
59 74
59 76
59 78
59 82
59 85
59 87
59 88
59 89
59 90
59 91
59 92
59 96
59 99
59 100
60 61
60 62
60 63
60 66
60 67
60 68
60 70
60 71
60 73
60 74
60 75
60 77
60 78
60 79
60 80
60 82
60 83
60 84
60 87
60 89
60 91
60 92
60 93
60 94
60 95
60 96
60 97
60 99
61 62
61 63
61 64
61 65
61 67
61 68
61 70
61 72
61 73
61 74
61 76
61 77
61 80
61 81
61 84
61 86
61 88
61 90
61 91
61 92
61 93
61 95
61 96
61 97
61 98
61 99
62 63
62 64
62 65
62 66
62 68
62 69
62 70
62 72
62 75
62 79
62 80
62 84
62 85
62 86
62 88
62 89
62 90
62 92
62 93
62 95
62 96
62 99
62 100
63 65
63 66
63 67
63 68
63 72
63 74
63 75
63 77
63 79
63 82
63 83
63 84
63 85
63 86
63 88
63 89
63 90
63 91
63 94
63 96
63 97
63 98
63 100
64 65
64 66
64 67
64 68
64 69
64 70
64 71
64 72
64 73
64 75
64 77
64 78
64 79
64 82
64 83
64 84
64 85
64 86
64 87
64 89
64 91
64 92
64 93
64 94
64 98
64 100
65 66
65 67
65 69
65 70
65 71
65 72
65 73
65 74
65 75
65 76
65 78
65 80
65 82
65 83
65 84
65 85
65 88
65 90
65 91
65 92
65 93
65 94
65 96
65 97
65 98
65 99
66 67
66 68
66 71
66 72
66 74
66 76
66 77
66 78
66 79
66 80
66 81
66 83
66 84
66 85
66 87
66 89
66 90
66 91
66 92
66 93
66 94
66 95
66 96
66 98
66 99
66 100
67 68
67 70
67 71
67 73
67 74
67 77
67 79
67 80
67 81
67 82
67 84
67 85
67 86
67 87
67 92
67 95
67 96
67 97
67 99
67 100
68 70
68 71
68 72
68 73
68 75
68 76
68 78
68 79
68 82
68 84
68 85
68 86
68 87
68 88
68 89
68 92
68 93
68 95
68 96
68 97
68 99
69 70
69 71
69 72
69 73
69 75
69 77
69 78
69 79
69 80
69 81
69 82
69 84
69 86
69 88
69 89
69 91
69 92
69 93
69 94
69 96
69 98
70 72
70 76
70 77
70 78
70 80
70 81
70 82
70 83
70 84
70 85
70 87
70 88
70 89
70 90
70 91
70 92
70 93
70 94
70 96
70 97
70 98
70 99
71 72
71 74
71 75
71 77
71 78
71 79
71 82
71 83
71 84
71 85
71 86
71 87
71 89
71 90
71 91
71 92
71 93
71 94
71 95
71 96
71 97
71 99
72 73
72 74
72 78
72 79
72 80
72 81
72 82
72 83
72 84
72 86
72 87
72 89
72 90
72 91
72 93
72 94
72 95
72 96
72 97
72 98
72 99
72 100
73 74
73 75
73 77
73 78
73 79
73 80
73 82
73 83
73 85
73 86
73 87
73 89
73 90
73 91
73 93
73 95
73 96
73 98
73 99
73 100
74 75
74 76
74 77
74 78
74 80
74 82
74 83
74 84
74 85
74 86
74 87
74 88
74 89
74 90
74 92
74 93
74 95
74 96
74 97
74 98
74 99
74 100
75 76
75 77
75 79
75 80
75 81
75 83
75 84
75 85
75 88
75 89
75 90
75 91
75 93
75 94
75 95
75 96
75 97
75 98
75 99
75 100
76 77
76 80
76 81
76 82
76 83
76 84
76 85
76 86
76 87
76 88
76 89
76 90
76 93
76 94
76 96
76 97
76 98
76 99
76 100
77 78
77 80
77 81
77 82
77 83
77 84
77 85
77 87
77 88
77 90
77 91
77 92
77 93
77 94
77 95
77 96
77 98
77 99
77 100
78 79
78 80
78 82
78 83
78 84
78 85
78 87
78 88
78 89
78 90
78 91
78 92
78 94
78 95
78 96
78 97
78 98
78 99
78 100
79 80
79 81
79 83
79 84
79 85
79 86
79 87
79 88
79 89
79 90
79 91
79 92
79 93
79 94
79 95
79 96
79 97
79 98
79 99
79 100
80 81
80 82
80 83
80 84
80 85
80 86
80 87
80 89
80 91
80 92
80 93
80 94
80 95
80 96
80 98
80 99
81 82
81 83
81 84
81 85
81 86
81 87
81 88
81 89
81 90
81 91
81 92
81 93
81 94
81 95
81 96
81 97
81 98
81 99
81 100
82 83
82 84
82 85
82 86
82 87
82 88
82 89
82 90
82 91
82 92
82 93
82 94
82 95
82 96
82 97
82 98
82 99
82 100
83 84
83 85
83 86
83 89
83 90
83 91
83 92
83 93
83 95
83 96
83 97
83 99
83 100
84 85
84 86
84 87
84 88
84 89
84 90
84 91
84 92
84 93
84 94
84 95
84 96
84 97
84 98
84 99
84 100
85 86
85 88
85 89
85 90
85 91
85 92
85 93
85 94
85 95
85 96
85 97
85 98
85 99
85 100
86 87
86 88
86 89
86 90
86 91
86 92
86 93
86 94
86 95
86 96
86 97
86 98
86 99
86 100
87 88
87 89
87 90
87 91
87 92
87 93
87 94
87 95
87 96
87 97
87 98
87 99
87 100
88 89
88 90
88 91
88 92
88 93
88 94
88 95
88 96
88 97
88 98
88 99
88 100
89 90
89 91
89 92
89 93
89 94
89 95
89 96
89 97
89 98
89 99
89 100
90 91
90 92
90 93
90 94
90 95
90 96
90 97
90 98
90 99
90 100
91 92
91 93
91 94
91 95
91 96
91 97
91 98
91 99
91 100
92 93
92 94
92 95
92 96
92 97
92 98
92 99
92 100
93 94
93 95
93 96
93 97
93 98
93 99
93 100
94 95
94 96
94 97
94 98
94 99
94 100
95 96
95 97
95 98
95 99
95 100
96 97
96 98
96 99
96 100
97 98
97 99
97 100
98 99
98 100
99 100
